30|600
31|1806085|ABRAAO NEIVER DE MIRANDA AZEVEDO|64751449320||13021981|1|1|BRA|||0||||||||||5|1|1|1|0|0||0|1|0|0|0|0|0|0|
32|113813
32|113918
32|18367
32|18368
31|2291923|ALBERES DE SIQUEIRA CAVALCANTI|70495149349||09081968|1|1|BRA|||0||||||||||6|1|1|1|0|0||0|1|0|0|0|1|1|0|0
32|113813
32|113918
32|62674
32|62682
31|1307500|ALBERICO FRANCISCO DO NASCIMENTO|40818810300||01051968|2|1|BRA|||0||||||||||6|1|1|1|0|0||0|1|0|1|0|1|0|1|0
32|21443
32|62682
31|1524681|ALCIDES MARANGONI JUNIOR|57177120653||11031966|1|1|BRA|||0||||||||||5|1|1|1|0|0||0|1|0|0|0|1|1|0|0
32|62682
31|1038444|ALEXANDRE PEREIRA SOUSA|23781653315||15051960|2|1|BRA|||0||||||||||6|1|1|1|0|0||0|1|0|1|0|0|0|0|
32|113813
32|113918
32|18367
32|18368
32|21443
32|62676
32|62682
31|1371181|ALIDIA CLICIA SILVA SODRE|49398636387||05011973|3|1|BRA|||0||||||||||5|1|1|1|0|0||0|0|1|0|0|1|1|1|0
32|117318
31|1800264|ALMIR SOUZA E SILVA NETO|65011589315||08061981|1|1|BRA|||0||||||||||6|1|1|1|0|0||0|1|0|0|0|1|1|0|1
32|18367
31|272013|ALUISIO ALVES CABRAL JUNIOR|33107211320||21021967|3|1|BRA|||0||||||||||6|1|1|1|0|0||0|1|0|1|0|1|0|0|1
32|18367
32|18368
32|62676
31|1737856|ANA LOURDES QUEIROZ DA SILVA|50903578387||07011975|1|1|BRA|||0||||||||||5|1|1|1|0|0||0|1|0|0|0|0|0|0|
32|21443
31|1142594|ANA LUISA COSTA DE CARVALHO|02557547522||08121988|3|1|BRA|||0||||||||||5|1|1|1|0|0||0|1|0|0|0|0|0|0|
32|18367
32|18368
32|62676
32|62682
31|1856030|ANA PAULA MATOS GOMES|63166577300||15111977|1|1|BRA|||0||||||||||4|1|1|3|0|0||0|1|0|0|0|0|0|0|
32|113918
31|1995825|ANA TELMA DA SILVA MIRANDA|04689310408||19101982|1|1|BRA|||0||||||||||4|1|1|2|0|0||0|1|0|0|0|1|0|0|0
32|113918
32|62674
32|62682
31|1034470|ANA TERESA MOREIRA LIMA TENORIO BRITTO LUNA|07496575372||31031956|1|1|BRA|||0||||||||||5|1|1|1|0|0||0|1|0|0|0|0|0|0|
32|21443
32|62676
32|62682
31|1668193|ANDRE PEREIRA SANTANA|00758286341||03081983|1|1|BRA|||0||||||||||6|1|1|1|0|0||0|1|0|1|0|1|0|0|0
32|18367
32|18368
31|1179139|ANDREY SALES LOPES|03517557307||23051990|1|1|BRA|||0||||||||||5|1|1|1|0|0||0|1|0|0|0|1|0|1|0
32|113918
31|1640613|ANGELA MARIA FERREIRA DE MEDEIROS|27146421368||29071964|3|1|BRA|||0||||||||||5|1|1|1|0|0||0|1|0|0|0|1|0|0|0
32|18367
32|18368
31|271708|ANTONIO ERNANDES MACEDO PAIVA|22457585368||07121963|1|1|BRA|||0||||||||||6|1|1|1|0|0||0|1|0|1|0|1|0|0|1
32|18368
31|271639|ANTONIO JORGE PARGA DA SILVA|23843128391||12041963|3|1|BRA|||0||||||||||6|1|1|1|0|0||0|1|0|0|0|1|0|0|0
32|113918
31|1365989|ANTONIO JOSE CANTANHEDE FILHO|70561621349||14041975|1|1|BRA|||0||||||||||6|1|1|1|0|0||0|1|1|1|0|1|0|1|0
32|117318
32|62682
31|1484278|ANTONIO LUIS DO REGO LUNA FILHO|30469104368||04011966|3|1|BRA|||0||||||||||5|1|1|1|0|0||0|1|0|0|0|0|0|0|
32|113813
31|991025|ANTONIO MAIA DE OLIVEIRA|24980544304||18051959|3|1|BRA|||0||||||||||6|1|1|1|0|0||0|1|0|0|0|0|0|1|
32|18368
31|1051484|ANTONIO SANTOS ARAUJO JUNIOR|24860301315||13051964|3|1|BRA|||0||||||||||6|1|1|1|0|0||0|1|0|1|0|1|0|1|0
32|18368
31|1552730|ANTONIO SOARES DOS ANJOS FILHO|83699554368||05101978|1|1|BRA|||0||||||||||6|1|1|1|0|0||0|1|0|0|0|0|0|1|
32|62676
31|3130758|BRUNO DE ARAUJO GOMES|01126807397||11061986|3|1|BRA|||0||||||||||6|1|1|1|0|0||0|1|0|0|0|1|0|1|0
32|1516922
32|62682
31|1360016|BRUNO FELIPE GOMES DE SA SOUSA|04111797300||18011989|1|1|BRA|||0||||||||||5|1|1|1|0|0||0|1|0|0|0|0|0|0|
32|18367
31|1483911|CARLA GOMES DE FARIA|63843250391||04091980|1|1|BRA|||0||||||||||6|1|1|1|0|0||0|1|0|0|0|1|0|1|0
32|113813
31|1548061|CARLA SILVIA SOUZA DA ROCHA|93172214320||02121981|1|1|BRA|||0||||||||||5|1|1|1|0|0||0|1|0|0|0|0|0|0|
32|113813
31|1189639|CARLOS RAIMUNDO DE OLIVEIRA PIRES|27249034391||20101964|3|1|BRA|||0||||||||||4|1|1|1|0|0||0|1|0|0|0|0|0|0|
32|113918
32|21443
31|1050730|CARMEM CELIA FRANCISCO DO NASCIMENTO|51928213472||01061967|1|1|BRA|||0||||||||||6|1|1|1|0|0||0|1|0|1|0|1|0|0|0
32|18368
31|1704532|CLARISSA LOBATO DA COSTA|45977062320||28091972|1|1|BRA|||0||||||||||6|1|1|1|0|0||0|1|0|0|0|1|0|1|0
32|62674
31|1359251|CLAUDIA MARIA PAIXAO MATTOS|48958069368||02051969|1|1|BRA|||0||||||||||5|1|1|1|0|0||0|1|0|0|0|1|0|0|0
32|113918
32|18367
32|18368
31|1293897|CLAUDICEA ALVES DURANS|56250134387||28121969|2|1|BRA|||0||||||||||6|1|1|1|0|0||0|1|0|0|0|1|0|0|1
32|21443
32|62674
32|62676
32|62682
31|1225791|CLAUDIO ANTONIO COSTA FERNANDES|62403702404||10101966|1|1|BRA|||0||||||||||5|1|1|1|0|0||0|1|0|0|0|0|0|1|
32|18367
32|18368
31|1565022|CLEONE DAS DORES CAMPOS CONCEICAO|69062862349||15091971|1|1|BRA|||0||||||||||6|1|1|1|0|0||0|1|0|0|0|0|0|1|
32|62682
31|1036012|CONCEICAO DE MARIA PINHEIRO CORREIA|26896540320||10061963|3|1|BRA|||0||||||||||6|1|1|1|0|0||0|1|0|0|0|1|0|0|0
32|113918
31|1254649|CRISTINA DE ANDRADE MONTEIRO|27114112300||01051966|1|1|BRA|||0||||||||||6|1|1|1|0|0||0|1|0|0|0|1|0|0|1
32|62674
31|6991009|CYNTHIA LEONIS DIAS CINTRA|05373451835||19081957|1|1|BRA|||0||||||||||6|1|1|1|0|0||0|1|0|0|0|1|0|0|0
32|113918
31|1764452|DANIEL LIMA GOMES JUNIOR|00440307384||08041985|1|1|BRA|||0||||||||||6|1|1|1|0|0||0|1|0|0|0|1|1|1|0
32|113813
31|1745024|DANUBIA SOARES PIRES|01795268395||22021986|3|1|BRA|||0||||||||||6|1|1|1|0|0||0|1|0|0|0|1|0|0|0
32|113918
32|18367
31|1038433|DEA NUNES FERNANDES|25154850300||06081963|1|1|BRA|||0||||||||||6|1|1|1|0|0||0|1|0|1|0|1|0|1|0
32|21443
31|1780046|EDIANE ARAUJO SILVA|66198542300||24011979|2|1|BRA|||0||||||||||5|1|1|2|0|0||0|1|0|0|0|1|0|0|0
32|62674
32|62676
32|62682
31|1035999|EDISON RODRIGUES PAULINO|65884841868||13091949|1|1|BRA|||0||||||||||4|1|1|1|0|0||0|1|0|0|0|0|0|0|
32|113918
31|1727666|ELAINE BATISTA ALMEIDA OLIVEIRA|01124961305||08031985|3|1|BRA|||0||||||||||5|1|1|1|0|0||0|1|0|0|0|1|0|0|0
32|62682
31|1483815|ELEN DE FATIMA LAGO BARROS COSTA|33423040300||19021966|3|1|BRA|||0||||||||||6|1|1|1|0|0||0|1|0|1|0|1|0|0|0
32|62674
32|62682
31|1037761|ELIANE MARIA PINTO PEDROSA|19772971372||27061959|3|1|BRA|||0||||||||||6|1|1|1|0|0||0|1|0|1|0|1|1|0|0
32|21443
32|62676
31|1258251|ELIUDE TROVAO MORAES|76708411334||14031971|3|1|BRA|||0||||||||||5|1|1|1|0|0||0|1|0|0|0|1|0|0|0
32|18367
31|1638806|ELYS REGINA REGO SAMPAIO NEVES|51611600391||01091973|3|1|BRA|||0||||||||||4|1|1|1|0|0||0|1|0|0|0|1|0|1|0
32|113918
31|2497564|EMERSON CARLOS CASTELO BRANCO|65865294334||17091980|1|1|BRA|||0||||||||||5|1|1|1|0|0||0|1|0|0|0|0|0|0|
32|21443
31|272069|EMILIO AZEVEDO|08880336304||05011961|3|1|BRA|||0||||||||||6|1|1|1|0|0||0|1|0|0|0|1|0|0|1
32|18367
32|18368
32|62682
31|1036004|EMILSON SANTANA GUIMARAES|20774885300||11121962|3|1|BRA|||0||||||||||6|1|1|1|0|0||0|1|0|0|0|0|0|0|
32|113918
32|18367
32|18368
31|1878499|ERIC SOUSA CARTAGENES|74574434368||16071977|3|1|BRA|||0||||||||||5|1|1|1|0|0||0|1|0|0|0|0|0|1|
32|113813
32|113918
32|21443
32|62676
32|62682
31|3222500|EUGENIO MENDES MORAES FILHO|00752861301||13071984|3|1|BRA|||0||||||||||5|1|1|1|0|0||0|1|0|0|0|0|0|0|
32|113813
32|113918
32|1516922
32|18367
32|18368
32|21443
32|62674
32|62676
32|62682
31|1280975|EVALDINOLIA GILBERTONI MOREIRA|45998990382||24081968|3|1|BRA|||0||||||||||6|1|1|1|0|0||0|1|0|0|0|0|0|0|
32|113813
31|1465816|EVANDRO DE CARVALHO GOMES|77933052304||09081977|1|1|BRA|||0||||||||||5|1|1|1|0|0||0|1|0|0|0|0|0|1|
32|18367
31|1225009|EVELINE DE JESUS VIANA SA|40961010363||23081971|3|1|BRA|||0||||||||||6|1|1|1|0|0||0|1|0|0|0|1|1|1|0
32|113813
31|1483873|FABIO HENRIQUE SILVA SALES|35139366304||14101969|3|1|BRA|||0||||||||||6|1|1|1|0|0||0|1|0|1|0|1|1|0|0
32|18367
32|18368
32|62676
31|1796433|FABIOLA DA CONCEICAO LIMA MONTEIRO|87630869304||27051981|3|1|BRA|||0||||||||||5|1|1|1|0|0||0|1|0|0|0|1|0|0|0
32|21443
32|62676
31|3240432|FELIPE RODRIGUES SILVA|03402650355||20031991|1|1|BRA|||0||||||||||3|1|1|2|1|0||0|1|0|0|0|0|0|0|
32|62674
32|62682
31|1632653|FERNANDA CRISTINA SILVA GOMES VIEIRA|02245805402||29111977|1|1|BRA|||0||||||||||5|1|1|1|0|0||0|1|0|0|0|0|0|0|
32|113813
32|1516922
32|18367
32|18368
32|21443
32|62676
31|271653|FERNANDO ANTONIO TOCANTINS NUNES|12870900368||01031959|1|1|BRA|||0||||||||||4|1|1|1|0|0||0|1|0|0|0|1|0|1|0
32|1516922
32|62682
31|1465286|FERNANDO JOSE COSTA CARNEIRO|46666575334||14111971|1|1|BRA|||0||||||||||6|1|1|1|0|0||0|1|0|1|0|1|0|0|0
32|1516922
32|62674
32|62682
31|1798448|FLAVIA DE AQUINO CUTRIM FARIAS|68889160306||27091974|1|1|BRA|||0||||||||||6|1|1|1|0|0||0|1|0|0|0|1|1|1|0
32|62674
31|1188311|FRANCISCO BORGES CARREIRO|02248535899||06021962|1|1|BRA|||0||||||||||6|1|1|1|0|0||0|1|0|0|0|1|0|0|0
32|18367
31|1118350|FRANCISCO DOS SANTOS VIANA|01618002384||28081988|1|1|BRA|||0||||||||||4|1|1|1|0|0||0|1|0|0|0|1|1|1|1
32|18367
31|1863440|FRANCISCO PESSOA DE PAIVA JUNIOR|01373827319||18031986|1|1|BRA|||0||||||||||5|1|1|1|0|0||0|0|1|0|0|1|0|0|0
32|117318
31|1444115|GENTIL CUTRIM SERRA JUNIOR|48349518391||08011974|3|1|BRA|||0||||||||||6|1|1|1|0|0||0|1|0|0|0|1|0|0|0
32|113813
31|1760649|GEORGIANA EURIDES DE CARVALHO MARQUES|84901764349||19041981|3|1|BRA|||0||||||||||6|1|1|1|0|0||0|1|0|0|0|1|0|1|0
32|1516922
32|62682
31|1796457|GILDEAN PARGA COSTA|93518420372||02041982|3|1|BRA|||0||||||||||5|1|1|1|0|0||0|1|0|0|0|0|0|0|
32|113813
32|113918
31|1078255|GILMAR SILVERIO DA SILVA|76875415968||06061966|1|1|BRA|||0||||||||||6|1|1|1|0|0||0|1|0|1|0|1|0|1|1
32|1516922
32|62682
31|2494690|GILSON DE JESUS MOTA RODRIGUES|00341716308||02041983|2|1|BRA|||0||||||||||5|1|1|1|0|0||0|1|0|0|0|1|1|1|0
32|113813
31|1640427|GILVAN PEREIRA DE FIGUEREDO|04440725430||12021983|3|1|BRA|||0||||||||||6|1|1|1|0|0||0|1|1|1|0|1|0|1|0
32|117318
32|1516922
31|1563329|GINALBER LUIZ DE OLIVEIRA SERRA|79248934315||26051976|1|1|BRA|||0||||||||||6|1|1|1|0|0||0|1|0|0|0|0|0|0|
32|18367
31|1510549|HELDER PEREIRA BORGES|61486973353||12031974|1|1|BRA|||0||||||||||6|1|1|1|0|0||0|1|0|0|0|0|0|1|
32|113813
31|1284276|HELTON DO NASCIMENTO ALVES|54227798515||21091970|3|1|BRA|||0||||||||||6|1|1|1|0|0||0|1|0|0|0|1|0|0|0
32|18367
31|1355892|HENIO HENRIQUE ARAGAO REGO|78598834491||19111974|1|1|BRA|||0||||||||||6|1|1|1|0|0||0|1|0|1|0|1|0|1|0
32|113918
32|18367
32|18368
31|1029594|IEDO ALVES DE SOUZA|16660234420||18061957|3|1|BRA|||0||||||||||6|1|1|2|0|0||0|1|0|0|0|0|0|0|
32|113918
31|3260602|IGOR RAMOS CAMPOS|01999497350||09051988|3|1|BRA|||0||||||||||4|1|1|2|1|0||0|1|0|1|0|0|0|0|
32|113813
32|62676
31|1585964|ISABELA VIEIRA DOS SANTOS MENDONCA|64575101320||17011981|3|1|BRA|||0||||||||||6|1|1|1|0|0||0|1|0|0|0|1|1|0|0
32|62674
31|1495553|JAKELINE PEREIRA BOGEA|70716862387||13061976|3|1|BRA|||0||||||||||5|1|1|1|0|0||0|0|1|0|0|0|1|0|
32|117318
31|1367007|JANE MARIA BASTOS EWERTON|26993279304||02121966|1|1|BRA|||0||||||||||5|1|1|1|0|0||0|1|0|0|0|0|0|0|
32|113813
32|62674
31|1281376|JEANE SILVA FERREIRA|35130229304||27061969|3|1|BRA|||0||||||||||6|1|1|1|0|0||0|1|0|0|0|0|0|0|
32|113813
31|1895702|JEFFERSON HEITOR DE OLIVEIRA ROCHA|84574135387||03101980|3|1|BRA|||0||||||||||4|1|1|1|0|0||0|1|0|0|0|0|0|0|
32|18368
31|3240162|JEFFERSON SANTOS OLIVEIRA|05240676356||04011994|0|1|BRA|||0||||||||||5|1|1|2|1|0||0|1|0|0|0|0|0|0|
32|113918
32|18367
32|18368
32|62682
31|271863|JOAO BATISTA CARDOSO BOTELHO|04222032204||23061955|3|1|BRA|||0||||||||||4|1|1|1|0|0||0|1|0|0|0|0|1|1|
32|113813
32|18367
32|18368
31|1348311|JOAO CARLOS PINHEIRO|48879657372||01121974|3|1|BRA|||0||||||||||6|1|1|1|0|0||0|1|0|0|0|0|0|0|
32|113813
31|1152363|JOAO CRISOSTOMO RAMOS ARAUJO|12533041300||27101952|3|1|BRA|||0||||||||||4|1|1|2|0|0||0|1|0|0|0|0|0|0|
32|113918
31|1899531|JOAO DAMASCENO DE OLIVEIRA MARQUES|84254424353||17041978|1|1|BRA|||0||||||||||5|1|1|1|0|0||0|1|0|0|0|0|0|0|
32|113813
31|1918250|JOSE FLAVIO GOMES BARROS|93901488391||19031981|3|1|BRA|||0||||||||||5|1|1|1|0|0||0|1|0|0|0|0|0|0|
32|113813
31|1354854|JOSE HILTON GOMES RANGEL|60105291404||29021968|3|1|BRA|||0||||||||||6|1|1|1|0|0||0|1|1|1|0|1|0|1|0
32|117318
32|62682
31|1051069|JOSE JOAQUIM DE SOUSA MELO|25297643368||02021964|3|1|BRA|||0||||||||||6|1|1|1|0|0||0|1|0|0|0|1|0|0|0
32|62676
31|1757270|JOSENILDO COSTA DA SILVA|49293257300||12051974|0|1|BRA|||0||||||||||5|1|1|1|0|0||0|1|0|0|0|1|1|0|0
32|113813
31|271679|JOSE ORLANDO DE OLIVEIRA FORTES|10008730300||26041958|1|1|BRA|||0||||||||||5|1|1|2|0|0||0|1|0|0|0|0|0|1|
32|113918
32|62676
31|393492|JOSIAS MACIEL|68895364953||12051968|1|1|BRA|||0||||||||||6|1|1|1|0|0||0|1|0|0|0|0|0|1|
32|113813
32|21443
32|62682
31|1731306|KERLLES RAFAEL PEREIRA SOUSA|65976525334||23051981|4|1|BRA|||0||||||||||6|1|1|1|0|0||0|1|0|0|0|1|1|1|0
32|18368
31|1191540|KEYLL CARLOS RIBEIRO MARTINS|48958166304||23031971|2|1|BRA|||0||||||||||6|1|1|1|0|0||0|1|0|1|0|1|1|0|0
32|18367
32|18368
31|1223717|LINDOMAR JACINTO DE SOUZA|43183786320||13021970|3|1|BRA|||0||||||||||6|1|1|1|0|0||0|1|0|0|0|0|0|0|
32|18367
32|18368
31|1826293|LUCIANO GOMES NETO|92643469372||28111982|3|1|BRA|||0||||||||||5|1|1|1|0|0||0|1|0|0|0|0|0|0|
32|113918
31|1061452|LUCILENE FERREIRA MOUZINHO DA SILVA|42815452391||09021969|3|1|BRA|||0||||||||||6|1|1|1|0|0||0|1|0|0|0|0|0|0|
32|18367
31|1226504|LUCILENE PEREIRA CARDOSO|56253753304||07091974|3|1|BRA|||0||||||||||6|1|1|1|0|0||0|1|0|0|0|1|1|0|0
32|1516922
32|62676
31|1052084|LUIS DO ROSARIO COSTA|13773313349||14101959|3|1|BRA|||0||||||||||5|1|1|1|0|0||0|1|0|0|0|0|0|0|
32|18368
31|1731322|LUIS FERNANDO SAMPAIO SOARES|94057672320||22011984|3|1|BRA|||0||||||||||6|1|1|1|0|0||0|1|0|0|0|1|0|0|0
32|113918
31|1731332|LUIZ CARLOS ROCHA JUNIOR|45200939372||26091971|3|1|BRA|||0||||||||||5|1|1|1|0|0||0|1|0|0|0|1|0|0|0
32|62682
31|1372572|LUIZ FERNANDO GOMES|27014347349||17101965|1|1|BRA|||0||||||||||6|1|1|1|0|0||0|1|0|0|0|1|0|0|0
32|62674
31|1151920|MARCELLE PATRICIA LOPES CUNHA|79185703320||30011978|3|1|BRA|||0||||||||||5|1|1|1|0|0||0|0|1|0|0|0|1|0|
32|117318
31|1354858|MARCELO MOIZINHO OLIVEIRA|87447002453||10121971|3|1|BRA|||0||||||||||6|1|1|1|0|0||0|1|0|1|0|1|0|1|0
32|1516922
32|62682
31|2487089|MARCIO CRISTIANO VASCONCELOS DE CAMPOS|47109114368||08091972|3|1|BRA|||0||||||||||5|1|1|2|0|0||0|1|0|0|0|0|0|0|
32|113813
31|1553434|MARCIO DA SILVA TAVARES|87832909315||25011980|1|1|BRA|||0||||||||||6|1|1|2|0|0||0|1|0|0|0|1|0|0|0
32|18367
32|18368
32|62676
32|62682
31|1459828|MARCOS ROBERTO DA SILVA GONCALVES|84334649300||25101980|1|1|BRA|||0||||||||||5|1|1|1|0|0||0|1|0|0|0|1|0|0|0
32|113918
32|18367
32|18368
32|21443
31|1036030|MARIA CRISTINA MOREIRA DA SILVA|26841495349||24031965|3|1|BRA|||0||||||||||5|1|1|1|0|0||0|1|0|0|0|0|0|1|
32|21443
32|62676
31|1293047|MARIA DA ANUNCIACAO RODRIGUES ARAUJO|10452702372||18051957|0|1|BRA|||0||||||||||5|1|1|2|0|0||0|1|0|0|0|0|0|0|
32|113918
31|271778|MARIA DAS GRACAS SAMPAIO COSTA|25130650344||24071965|3|1|BRA|||0||||||||||6|1|1|1|0|0||0|1|0|0|0|1|0|0|0
32|1516922
32|62682
31|1050726|MARIA DO CARMO RODRIGUES DUARTE|10036067334||03051955|1|1|BRA|||0||||||||||5|1|1|1|0|0||0|1|0|0|0|0|0|0|
32|113918
31|2407339|MARINA GONCALVES MENDES DE CARVALHO BARBOSA BARROS|00406243310||20071992|1|1|BRA|||0||||||||||4|1|1|1|0|0||0|1|0|0|0|0|0|0|
32|113918
31|2492703|MARINALVA SOUSA MACEDO|45187916300||19111969|3|1|BRA|||0||||||||||5|1|1|1|0|0||0|1|0|0|0|0|0|0|
32|18367
32|18368
32|62674
32|62682
31|1207826|MARISE PIEDADE CARVALHO|09503692334||09091957|3|1|BRA|||0||||||||||6|1|1|1|0|0||0|1|0|0|0|1|0|0|0
32|62674
32|62682
31|1033226|MAURO ARAUJO MEDEIROS|28061543320||06041967|3|1|BRA|||0||||||||||6|1|1|1|0|0||0|1|0|1|0|1|0|0|0
32|18368
31|1876953|MAURO HENRIQUE LOPES VERAS|79695000487||14071968|1|1|BRA|||0||||||||||4|1|1|2|0|0||0|1|0|0|0|0|0|0|
32|113813
32|113918
32|18367
32|18368
31|1767420|MAURO LOPES CARVALHO SILVA|71416510397||09011975|2|1|BRA|||0||||||||||5|1|1|1|0|0||0|1|0|0|0|1|1|1|0
32|113813
31|406500|MAY GUIMARAES FERREIRA|14622459353||30041956|1|1|BRA|||0||||||||||6|1|1|1|0|0||0|1|0|0|0|1|0|0|0
32|21443
32|62676
31|1258790|MIRZIA MONTEIRO DE JESUS|29250650310||29101964|3|1|BRA|||0||||||||||6|1|1|1|0|0||0|1|0|0|0|0|0|0|
32|62682
31|3212857|NAIANE VIEIRA DOS REIS SILVA|03549254156||02051991|3|1|BRA|||0||||||||||5|1|1|2|1|0||0|1|0|0|0|0|0|0|
32|62676
32|62682
31|1446521|NAIZA MARIA CASTRO NOGUEIRA|37719688368||05051968|3|1|BRA|||0||||||||||6|1|1|1|0|0||0|1|0|0|0|1|0|1|0
32|62674
31|1483389|NATILENE MESQUITA BRITO|61760587320||13111974|3|1|BRA|||0||||||||||6|1|1|1|0|0||0|1|0|0|0|1|0|0|1
32|62676
32|62682
31|1764156|ODIVIO DA SILVA REZENDE NETO|46741143300||03061971|3|1|BRA|||0||||||||||5|1|1|3|0|0||0|1|0|0|0|0|0|0|
32|113918
31|1446956|OMAR ANDRES CARMONA CORTES|44461097315||12071972|1|3|CHL|||0||||||||||6|1|1|1|0|0||0|1|0|0|0|1|1|0|0
32|113813
31|1225832|ORLANDO DONATO ROCHA FILHO|51245540459||01091967|1|1|BRA|||0||||||||||6|1|1|1|0|0||0|1|0|0|0|1|0|1|0
32|18367
31|1181999|OZIRIO LINS SIQUEIRA|14482665215||21061961|3|1|BRA|||0||||||||||6|1|1|1|0|0||0|1|0|0|0|0|0|0|
32|1516922
32|21443
32|62674
32|62682
31|1190282|PAULO CESAR MARQUES DOVAL|33649766787||13111953|3|1|BRA|||0||||||||||6|1|1|1|0|0||0|1|0|0|0|0|0|0|
32|18368
31|1835107|PAULO EDUARDO SILVA DE VASCONCELOS|00962973360||15031984|3|1|BRA|||0||||||||||5|1|1|1|0|0||0|1|0|0|0|1|0|0|0
32|1516922
32|18368
31|1825590|PAULO FERREIRA PACINI|25660804888||03121977|1|1|BRA|||0||||||||||3|1|1|3|0|0||0|1|0|0|0|0|0|0|
32|113813
32|113918
32|18367
32|18368
31|1327583|PAULO HENRIQUE BEZERRA DE CARVALHO|25284428315||14021966|1|1|BRA|||0||||||||||5|1|1|1|0|0||0|1|0|0|0|0|0|0|
32|18367
31|1284255|PAULO SERGIO ALEIXO DA SILVA DE JESUS|12894000839||02031970|1|3|MOZ|||0||||||||||3|1|1|1|0|0||0|1|0|0|0|0|0|0|
32|113918
32|18367
32|18368
32|21443
31|1037753|PAULO WILSON MAURIZ|01080622870||22051960|1|1|BRA|||0||||||||||6|1|1|1|0|0||0|1|0|0|0|0|0|0|
32|113918
32|21443
32|62676
31|1756273|PEDRO CARVALHO FREIRE|66731267368||05091981|1|1|BRA|||0||||||||||5|1|1|1|0|0||0|1|0|0|0|1|0|0|0
32|62674
31|1730857|RAFAEL CHRIST DE CASTRO LOPES|95526650359||10061982|1|1|BRA|||0||||||||||6|1|1|1|0|0||0|1|0|1|0|1|0|0|0
32|62676
31|2343192|RAFAEL MATOS LINDOSO|89328825334||13011983|1|1|BRA|||0||||||||||6|1|1|1|0|0||0|1|0|0|0|1|0|0|0
32|62674
31|1487069|RAIMUNDO BEZERRA MACEDO FILHO|77327640304||23021974|3|1|BRA|||0||||||||||6|1|1|1|0|0||0|1|0|0|0|1|0|1|0
32|18367
32|18368
32|62676
31|1571976|RAIMUNDO SANTOS DE CASTRO|47600357372||03101974|3|1|BRA|||0||||||||||6|1|1|1|0|0||0|1|0|1|0|1|0|0|0
32|18367
32|18368
32|21443
31|1081469|REGIANA SOUSA SILVA|40481492372||15121969|1|1|BRA|||0||||||||||6|1|1|1|0|0||0|1|0|0|0|1|0|0|0
32|21443
32|62674
32|62676
32|62682
31|1272136|REGINALDO SOUSA MIRANDA|47498994372||23111972|3|1|BRA|||0||||||||||6|1|1|1|0|0||0|1|0|0|0|1|0|0|0
32|18367
31|1825354|RICARDO BAQUIL RODRIGUES|50766970310||30011977|3|1|BRA|||0||||||||||4|1|1|1|0|0||0|1|0|0|0|1|0|0|0
32|113918
31|1408266|ROBERTA ADRIELLE LIMA VIEIRA|00532929365||18011990|1|1|BRA|||0||||||||||5|1|1|2|1|0||0|1|0|0|0|0|0|0|
32|18367
32|18368
31|1809181|RODRIGO DE AZEVEDO NEVES|67791573334||09021974|1|1|BRA|||0||||||||||6|1|1|2|0|0||0|1|0|0|0|0|0|0|
32|113918
31|2648247|RODRIGO JOSE ALBUQUERQUE FRAZAO|01811534325||03121985|3|1|BRA|||0||||||||||6|1|1|1|0|0||0|1|0|0|0|1|0|0|0
32|18367
31|1284272|RONALDO RIBEIRO CORREA|27950697334||22121967|3|1|BRA|||0||||||||||6|1|1|1|0|0||0|1|0|0|0|0|0|0|
32|18367
31|1031295|RUBENS SOEIRO GONCALVES|23775475320||27121964|3|1|BRA|||0||||||||||6|1|1|1|0|0||0|1|0|1|0|1|0|0|0
32|18368
31|1570697|SALETE SILVA FARIAS|48809683315||17071972|3|1|BRA|||0||||||||||5|1|1|1|0|0||0|1|0|0|0|0|0|0|
32|113813
32|21443
31|1995313|SAMIR SILVA COUTINHO|85318248349||19101981|3|1|BRA|||0||||||||||6|1|1|1|0|0||0|1|0|0|0|1|0|0|0
32|21443
32|62676
32|62682
31|1904049|SAMUEL FILGUEIRAS RODRIGUES|00108130398||02081982|3|1|BRA|||0||||||||||6|1|1|1|0|0||0|1|0|1|0|1|1|1|1
32|18368
31|271853|SANTIAGO SINEZIO ANDRADE FILHO|20691475334||05111959|3|1|BRA|||0||||||||||5|1|1|1|0|0||0|1|0|0|0|0|0|1|
32|113813
31|1122284|SILVANA CARDOSO RAMOS CINTRA|14875500300||19041958|3|1|BRA|||0||||||||||4|1|1|2|0|0||0|1|0|0|0|0|0|0|
32|21443
32|62674
31|1483847|SILVANA DA SILVA MITRI DA COSTA|21522243372||30051958|1|1|BRA|||0||||||||||5|1|1|1|0|0||0|1|0|0|0|0|0|0|
32|113918
31|1039700|SILVANA MARIA AQUINO FARIAS|23747374387||30081964|3|1|BRA|||0||||||||||5|1|1|1|0|0||0|1|0|0|0|0|0|0|
32|62676
32|62682
31|1831972|SILVANA MARIA DOS ANJOS PIRES BRITO|30345898320||28041965|2|1|BRA|||0||||||||||5|1|1|2|0|0||0|1|0|0|0|1|0|0|0
32|113813
32|113918
32|21443
32|62674
32|62682
31|1187010|SILVIO ROGERIO DE FREITAS BATISTA|15876004391||22071958|3|1|BRA|||0||||||||||6|1|1|1|0|0||0|1|0|0|0|0|0|0|
32|18368
31|1756165|SIMONE MARANHAO COSTA|81151977349||30031976|1|1|BRA|||0||||||||||5|1|1|1|0|0||0|0|1|0|0|1|0|0|0
32|117318
31|754601|SUELI BORGES PEREIRA DOS SANTOS|25266020334||20081965|3|1|BRA|||0||||||||||6|1|1|1|0|0||0|1|0|1|0|1|1|0|0
32|113813
32|21443
32|62674
32|62676
32|62682
31|185695|TATIA COELHO MORAIS LIMA|24228826334||11071964|0|1|BRA|||0||||||||||5|1|1|1|0|0||0|1|0|0|0|1|0|0|0
32|62674
31|1183395|TERESA CRISTINA FERREIRA SANTOS|17863015391||24031958|2|1|BRA|||0||||||||||6|1|1|2|0|0||0|1|0|0|0|0|0|0|
32|113813
31|1558103|TEREZA CRISTINA SILVA|27930157334||26121964|3|1|BRA|||0||||||||||6|1|1|1|0|0||0|1|0|0|0|1|1|0|0
32|62674
31|1497826|UILBIRAN CHAVES SANTOS|81287410391||24121976|3|1|BRA|||0||||||||||5|1|1|1|0|0||0|1|0|0|0|0|0|0|
32|21443
31|1060455|VALTER ALVES DE MENESES|02558746855||18081960|3|1|BRA|||0||||||||||6|1|1|1|0|0||0|1|0|1|0|1|0|0|0
32|18367
32|18368
31|1036018|WALDEMIR DOS PASSOS MARTINS|25254251387||11021962|3|1|BRA|||0||||||||||6|1|1|1|0|0||0|1|0|1|0|1|0|1|0
32|18368
31|2645928|WASHINGTON LUIS SANTOS SILVA|51556677391||29031971|3|1|BRA|||0||||||||||6|1|1|1|0|0||0|1|0|0|0|1|1|1|0
32|18367
31|272006|WILLIAM AMORIM DE SOUSA|27143449334||17111967|1|1|BRA|||0||||||||||5|1|1|1|0|0||0|1|0|0|0|1|0|0|0
32|1516922
31|991016|WILLIAM PEREIRA DOS ANJOS|27984397368||28041964|3|1|BRA|||0||||||||||4|1|1|1|0|0||0|1|0|0|0|0|0|0|
32|113918
32|18367
32|18368
32|62674
31|1528140|YRLA NIVEA OLIVEIRA MAGALHAES|71700455320||02041976|1|1|BRA|||0||||||||||6|1|1|1|0|0||0|1|0|0|0|1|1|1|0
32|62674